3
4 1
100 25
400 100
4
100 200
200 100
100 100
200 200
5
123 456
213 478
11 590
234 77
99 68
12
23 204
123 432
342 521
292 341
34 421
591 591
13 56
324 65
324 93
63 24
52 599
43 435
15
24 42
432 43
63 24
43 542
412 324
2 1
543 432
99 18
59 321
243 85
4 9
25 97
11 567
469 413
197 328
20
65 205
534 128
479 514
449 240
180 201
524 88
329 174
546 365
513 384
333 72
204 318
476 363
289 268
99 275
240 378
521 362
466 480
175 115
521 275
131 268
30
215 381
350 380
300 408
95 165
521 56
408 126
78 407
159 169
291 89
315 267
321 318
394 517
93 470
392 440
181 443
127 443
226 387
276 508
195 252
310 190
271 505
354 60
233 71
315 124
513 368
203 408
394 501
197 447
536 382
336 379
50
286 469
354 401
432 371
328 77
445 307
149 131
412 462
212 344
505 484
123 505
475 425
547 68
152 533
305 54
526 181
324 306
86 549
452 70
129 230
521 53
218 499
423 202
311 260
243 360
522 515
182 58
235 309
532 410
472 335
299 448
115 323
100 313
533 392
94 412
59 192
265 324
513 119
337 526
52 395
306 442
339 495
82 60
548 316
121 326
67 92
148 344
481 123
488 444
448 159
218 468
0